Predictions
7.216006221739712601e+02
4.283351124749734709e+02
8.316822687294051093e+02
4.753153745340687237e+02
4.017072970655510744e+02
3.827470115174008356e+02
9.938937470934099565e+02
1.538232402066678105e+03
1.402089264028919160e+03
1.120830645787119238e+03
7.588292434583738668e+02
2.131405849340732175e+02
3.452070462263918671e+02
1.011915657561863213e+03
8.422679508983468395e+02
1.249903460122858633e+03
1.009519248486392144e+03
4.794067432017014312e+02
1.857045080040511777e+02
1.464195828662610950e+02
1.504069422751790626e+02
1.837154266476884743e+02
3.392184305461574922e+02
8.664492244804227994e+02
9.478104966713857493e+02
4.652157043954579763e+02
1.688178786112312366e+02
4.950957545416702033e+02
2.403728970503917992e+02
1.095733538584774891e+02
7.645394356258618984e+01
3.508102376123869703e+02
3.434891988243812193e+02
4.184578983123687976e+02
1.116220111784010527e+02
1.643044994631352722e+02
1.567433287427906237e+02
5.801009589406719442e+02
1.269142682658667809e+03
1.867393692214587418e+03
1.955772066784205435e+03
2.013087837897719965e+03
1.355848791058130473e+03
1.284715066813856993e+03
4.188739297373894601e+02
7.609710602582176762e+02
3.453997689630898549e+02
1.508877428594213370e+03
1.015008354032285297e+03
3.317904597403284583e+02
5.348438926392840358e+02
8.247040951012032792e+02
1.244244433059559469e+03
1.822545690342770513e+03
1.853945953637725097e+03
2.032179952259844413e+03
2.024848798015217199e+03
1.661774284371149861e+03
6.532342523061367956e+02
6.504576218496207503e+02
7.868123464330302568e+02
7.251828416403192250e+02
4.550563787899556587e+02
7.364339095139181381e+02
9.650990790770424610e+02
1.186675787380554993e+03
1.155709581967633540e+03
1.295349345951012083e+03
1.027688219721184851e+03
1.233272861930148110e+03
5.908972770299535568e+02
6.625496855832449228e+02
9.275421425806091520e+02
9.204897494469202002e+02
1.017252613425407617e+03
6.765973010479261802e+02
1.252057700672170597e+02
4.637309051147820469e+02
5.414385755748210158e+02
2.272104673658263039e+02
3.348828885105565973e+02
2.423197551727278665e+02
3.227219319440348499e+02
4.203391086501827658e+02
3.800008312417865568e+02
7.026011060711717846e+02
5.283922181602556520e+02
2.321329251541758083e+02
3.416834173215639794e+02
7.089612736050210060e+02
1.629482201512746315e+03
2.058578634787771080e+03
1.837654691057934542e+03
1.748094897687560206e+03
1.716361513130033472e+03
2.247361483175594913e+03
1.856421387535949179e+03
1.095235078025105395e+03
2.483666823711176335e+02
1.070204709175715294e+02
1.821610134326818127e+02
1.614174040993402741e+02
4.743524060728184963e+02
1.019490885415285447e+03
6.925530186789047775e+02
3.447264968638697269e+02
3.556625834984423591e+02
9.512375663329821691e+02
7.445430570117997604e+02
3.185578689518432043e+02
3.730455737268716803e+02
3.314861231893486888e+02
4.188967320926757907e+02
2.208809297019685971e+02
1.895633048674138195e+02
1.808672945412475315e+02
2.509619177824058909e+02
1.849051951794044442e+02
2.430376404083407920e+02
2.794674095495190613e+02
2.106737817657964342e+02
1.544629328721809145e+02
3.364268695971567240e+02
8.314796780021648601e+02
1.861969806479384260e+03
2.253357070312059477e+03
2.055252474466852618e+03
1.904741543962588366e+03
2.026660083718822534e+03
1.970996095948398988e+03
1.967436022442264402e+03
1.346756168366531938e+03
6.658010028957958184e+02
1.748781197821622868e+02
4.378618883189286066e+02
4.147753381813979559e+02
3.384801873556453415e+02
4.609036545954631947e+02
2.976877829435916283e+02
2.037180729435321211e+02
1.927432393362747689e+02
1.654659316647646676e+02
1.972406950069554057e+02
4.400111275981748236e+02
6.323215391543518535e+02
6.598708716071614617e+02
1.164291384031492271e+03
9.731017420210027922e+02
1.504761248631495619e+03
7.747261832809430189e+02
1.654616589523099719e+03
1.244770179758543236e+03
9.680289737527294847e+02
1.197677703665111494e+03
1.383586445413846604e+03
1.176670876861350052e+03
1.520986887280153042e+03
1.675931998538478638e+03
1.030288475561961604e+03
6.440822998055722337e+02
1.591636106458040558e+03
1.612147383091591109e+03
1.401183154543558430e+03
1.452467047780710345e+03
1.994962417935140820e+03
1.572789899163985865e+03
1.278435579211041158e+03
1.102754981718922636e+03
1.321816270667306981e+03
5.980988213733816110e+02
3.034495406103141590e+02
7.280949701285943831e+01
1.423343926563456705e+02
9.598449942482769757e+02
1.090601306412501344e+03
6.048454152816647138e+02
2.041055881324036534e+02
1.581235027563789401e+02
1.854701037766168099e+02
1.471048445855385296e+02
4.764434500775288939e+02
7.081902944399788566e+02
8.205552758152134629e+02
9.770679339737952205e+02
1.783888266318902197e+03
5.361149837603386459e+02
1.090430416676452751e+03
1.377910253447443210e+03
1.727927303267527350e+03
1.909114791292006885e+03
1.919950258882184471e+03
1.496658775502710114e+03
2.021154299930739171e+03
2.076123336578252292e+03
1.989598534669114542e+03
1.944958948323953564e+03
1.824489926779683401e+03
1.788473537137085259e+03
2.070295850909109504e+03
2.162271573071327566e+03
2.061168893240676880e+03
1.547248166117747360e+03
1.838095138953592368e+03
2.079962966058160873e+03
2.160631047777180811e+03
2.009628143313369947e+03
1.986874571747859363e+03
9.881267779265435820e+02
1.493153955801708889e+03
1.244217740199808532e+03
8.592346736262387594e+02
6.999545028342943169e+02
1.538413573030302359e+03
2.475401198394398762e+03
2.092967886863124477e+03
1.221106848985954912e+03
6.775814726550250953e+02
4.725597962420673639e+02
4.174682079482125800e+02
1.191583139660336428e+03
1.972864651002382743e+03
9.114996788396031207e+02
1.816289294028548511e+02
1.528110459768594410e+03
1.586072202270235266e+03
6.062970003110325479e+02
3.641871366464013704e+02
1.890920164816949409e+02
1.066907833443944611e+02
2.696536330581036509e+02
1.277104278529087878e+03
2.112365167780452794e+03
2.032579185674637301e+03
2.034803198833846636e+03
1.955482060492523942e+03
1.936003088879205052e+03
2.171594297187401480e+03
1.088968347865823034e+03
8.960630233392546415e+02
5.987289775267413461e+02
1.514279786990964340e+03
1.720775160870111904e+03
1.738610470637138633e+03
1.488802601005381803e+03
2.101870966536018841e+03
2.032498791555055050e+03
1.731779268192007976e+03
1.561687731483379366e+03
1.109257766049123802e+03
1.284580924223948841e+03
1.771412556583390142e+03
1.313126923634970581e+03
1.682747778016645043e+03
8.873903615927995361e+02
1.055096727750025593e+03
7.482597582630506849e+02
1.515281680795368402e+03
8.943488883262007221e+02
6.916747514440831992e+02
4.769332984166272240e+02
1.020443789787710557e+03
6.972640790961315815e+02
4.011134784251075871e+02
1.595133017789858911e+02
5.020321876795478033e+02
3.822495678860203157e+02
5.809771884574968226e+02
9.002435720114806372e+02
8.384288022586166562e+02
1.149780967479742912e+03
6.986752779568134883e+02
4.347994143663592581e+02
2.281387444223600767e+02
2.887079651095605186e+02
2.070225589112166062e+02
1.524712562926441421e+02
2.381857477697664649e+02
2.380226823455947454e+02
2.811791426694030065e+02
5.159515238671277757e+02
8.372934870642633314e+02
1.609213723240178979e+03
1.316600230471424311e+03
9.574907100918649121e+02
1.418509682784970664e+03
1.356007178557432553e+03
1.189830133984509985e+03
1.189830133984509985e+03
1.083625979142526376e+03
1.495111827881772342e+03
6.856313704609989657e+01
2.046092380494823431e+02
2.380704900243331679e+02
1.431302988879413363e+02
2.640125099975647345e+02
3.318699382104583151e+02
2.749629966111066324e+02
4.318044963891637735e+02
1.110757877931431494e+03
1.434213681186439089e+03
9.587479273577829417e+02
1.241314064006098761e+03
2.002990271110548292e+03
2.082356164474328125e+03
1.718295428644357116e+03
1.989570803199417014e+03
2.116472544023815317e+03
2.137091794375106474e+03
2.057296414307033956e+03
2.064569468934146244e+03
1.379732575397345272e+03
1.112740003718698517e+03
7.576310712382921793e+02
4.043086063462774291e+02
2.994946291275099952e+02
4.401175629663615609e+02
3.144228673014143283e+02
9.744644543758328155e+02
1.352490287907879519e+03
1.996635099878358233e+03
2.170602065609512010e+03
1.956748208115477837e+03
1.804438591234081059e+03
1.903990285091675332e+03
1.914764458097361285e+03
1.361333267208648294e+03
1.825545724105441195e+03
1.875868485651922128e+03
8.096077639507107051e+02
1.964263515874810651e+02
4.099745133011833786e+02
1.168009507491484328e+03
1.048367398932720334e+03
1.689699102450749706e+03
1.961924684132619859e+03
1.907028145767268597e+03
1.999039437603048782e+03
1.987713429146040426e+03
1.705557928758731350e+03
1.835181905395025979e+03
9.626783502560183479e+02
2.318863705182405681e+02
3.496735470281057587e+02
2.369042274433323314e+02
2.511113113101859255e+02
1.411542889112016894e+02
2.181264525426388161e+02
1.250642246554595829e+02
4.710742181936849420e+02
8.220957269538172341e+02
2.374361254668718857e+02
1.715605077425379079e+02
3.319713236789970097e+02
4.268658160661162242e+02
1.350171875093114522e+03
1.140696863151754087e+03
5.294864528247713906e+02
8.359225634529954050e+02
9.359862135519479125e+02
5.730671985957160359e+02
5.136093647033223988e+02
6.577062371542190249e+02
6.236122303127240230e+02
4.268075385333320924e+02
4.971959638520036151e+02
6.561711234093143048e+02
7.854781697814419203e+02
6.350386470241480765e+02
9.202893971311669929e+02
1.091699152450483780e+03
1.201174670281458020e+03
1.184331768541253950e+03
1.844274053822987298e+03
1.822076060252665457e+03
1.659673805233888515e+03
1.405715651498506304e+03
1.820366908414949194e+03
1.828785065863810587e+03
1.726814234244373665e+03
1.348160433345781712e+03
1.474601242473689354e+03
9.259284591712282690e+02
9.486343209862280901e+02
1.033874651631274901e+03
1.856786766919331967e+03
1.089959685766891653e+03
9.273674831680249326e+02
1.057015902487036101e+03
1.286245295528525730e+03
1.040097218074648026e+03
5.942810679714335720e+02
3.191091761575445958e+02
1.343130669416078433e+02
2.072042566522734433e+02
2.143005181706298856e+02
1.720177122016270346e+02
1.136490133948339292e+02
1.329697584732628570e+02
9.463431023354792160e+01
1.884281621483620484e+02
3.288689594418601132e+02
1.534013183154128512e+02
2.864277301671046416e+02
1.970285197941420563e+02
2.291457356176301516e+02
1.607971750505869011e+02
1.507761097532946053e+02
2.007165052193543318e+02
4.997364354356930107e+02
5.443308708451478424e+02
1.562097080495923649e+02
3.987724836727052207e+02
1.033692480629916872e+02
2.857230353205336542e+02
1.549402498585380670e+02
1.653560977159080210e+02
1.247352050351610728e+02
1.375227337171978661e+02
1.109032515065162414e+02
1.443731156364702031e+02
1.339630768773716625e+02
8.485527833413146936e+01
1.208754552596459177e+02
1.427683600116812670e+02
2.611351308295464833e+02
5.189772955490693676e+02
3.602833718026914767e+02
3.602833718026914767e+02
7.638069890411536562e+02
6.506343956843161322e+02
7.069074179732268703e+02
8.209335638702900724e+02
1.300647470469193877e+03
8.512980252564495913e+02
5.388234582424807968e+02
4.231433857862840568e+02
9.066769635737628050e+02
9.311948401793796393e+02
6.033958708458563933e+02
2.881168342292655211e+02
2.090724346022954308e+02
1.250877804678492140e+02
1.943421010397233033e+02
9.142788454352189547e+02
2.464556547887631268e+02
7.385022728422571845e+02
6.323065996693097759e+02
7.006207188846315148e+02
3.540138819894932567e+02
3.636369032197039814e+02
1.308498426341888035e+02
1.692520450445489928e+02
1.645958422992505348e+02
2.622552695915202889e+02
1.299620559811600913e+02
3.744764661248352127e+02
4.484180515945731713e+02
2.060235873002714300e+02
1.779956032736891416e+02
1.382391709098565684e+02
3.055802098806835261e+02
1.059022084497725018e+03
6.570345609902991555e+02
2.761047645472374370e+02
1.876212871474384087e+02
1.278874678367649125e+02
1.251322763448968800e+02
2.298205202655974233e+02
1.967738780067091682e+02
2.308151175358121350e+02
3.700706142676802983e+02
3.016764950763630964e+02
1.327875270581705252e+02
3.928339117981333288e+02
3.088287536198488965e+02
3.529051536420062121e+02
7.214731848884099463e+02
8.945459980205642978e+02
7.454127324277797015e+02
1.153679219407584242e+03
8.253640614003380733e+02
4.317532721532313076e+02
1.023197976041791435e+03
7.054212238963471009e+02
2.947556541714956211e+02
4.391314737139095996e+02
6.550962895790871698e+02
6.158847661465657666e+02
2.473267147742992620e+02
2.795068892622371663e+02
3.027901648403817489e+02
2.504086838602702869e+02
3.373364288229249155e+02
1.926130770784081676e+02
4.201080761694621515e+02
7.420226712797276605e+02
8.418580603213030145e+02
8.278861532626981443e+02
9.685333654098941452e+02
6.645272232031412614e+02
4.969109794483862856e+02
1.074494132550432397e+02
8.053376925192375779e+01
1.545234151438448009e+02
6.076875224775940296e+02
6.525156571461583326e+02
9.041963653656114275e+02
6.527334378938924146e+02
2.650299917194048476e+02
2.255654613560898554e+02
1.064980630544218201e+02
1.304970864520032308e+02
8.198053044140651480e+01
1.544722799017991122e+02
1.814476869188002013e+02
4.229286193425602960e+02
3.544916507879382266e+02
7.878497283687390791e+02
6.078382784008912267e+02
7.112830751435755019e+02
4.116569969853805446e+02
1.145856144096774614e+02
1.220509804757250123e+02
1.299444664018300841e+02
1.427683600116812670e+02
8.994548960441061070e+01
2.838981976704664589e+02
2.457194941345825612e+02
2.848892570694990241e+02
7.578310423017532003e+02
3.494128423801083727e+02
4.336393585588518818e+02
4.422064310834521166e+02
6.800116068290739122e+02
6.761731643786571340e+02
1.858222767594047298e+02
1.782308088619521413e+02
3.645332794569769703e+02
6.793668659713850957e+02
2.967805000439302603e+02
2.927543826563636458e+02
3.005307239457377477e+02
3.215689830197149490e+02
2.795119921620780588e+02
3.763312649536858885e+02
5.071710137258140776e+02
7.966965472098621603e+02
5.947324595050828293e+02
6.237551745020934959e+02
8.292131006931690536e+02
9.869862083677452347e+02
6.131026645885589232e+02
5.848389087760231178e+02
8.180460116717413257e+02
6.699938697660580829e+02
2.689568001596453541e+02
1.610919200467065764e+02
3.808708712257953835e+02
3.398029102484112514e+02
4.761372113415860667e+02
4.721031121432009741e+02
5.461826782671768115e+02
5.252189116497312398e+02
3.412852421631807260e+02
1.820736839831708949e+02
1.133964409514795619e+02
2.721150428437530877e+02
1.775569859615978316e+02
6.698958078938993594e+02
5.256985533629725751e+02
8.891402161754413100e+02
8.380860362450706589e+02
2.354162346424207328e+02
2.082774851105965581e+02
5.433677610402411347e+02
3.144690730784623725e+02
1.287883885329750058e+02
3.118050532588458168e+02
4.854673771997192375e+02
6.278205080449671414e+02
2.014030520387107117e+02
2.342291157542490225e+02
3.711225396195240478e+02
3.233046887620703274e+02
7.627694816667280975e+01
7.118673689639366842e+01
2.403002793831072381e+02
1.844433664140279063e+02
2.200648875365398567e+02
3.687582809997250592e+02
5.276095000569271178e+02
3.189758735373425793e+02
4.429529183211554368e+02
2.042637739100739793e+02
1.861033116685951825e+02
3.928339117981333288e+02
2.273912809224342482e+02
1.498219849906271008e+02
2.627619136941373199e+02
2.866377820784836672e+02
8.053376925192375779e+01
5.296889223286605102e+02
5.378896760556702930e+02
3.618933926961831844e+02
1.905370968946839412e+02
2.769897225348079246e+02
4.888180619331008074e+02
1.063471156885835171e+03
5.752010364336741759e+02
5.070159303144257024e+02
2.846268171758148355e+02
6.235553533226676564e+02
3.471311368914073228e+02
5.313357318434102581e+02
4.223778621123157109e+02
8.404172382301361495e+02
1.047190017976012768e+03
1.075109568147995333e+03
7.088124861650744606e+02
9.626117790193819701e+02
7.055576937161466731e+02
6.878433396043174071e+02
4.754396499404909946e+02
3.817848549343127615e+02
4.713782369967272530e+02
1.648837628961172470e+02
1.208754552596459177e+02
1.726619636306840846e+02
1.517415026653207235e+02
1.881992326006365772e+02
2.827059692360630265e+02
2.282885660764906390e+02
2.377802338381415836e+02
1.950566927456071653e+02
3.819210550606164816e+02
8.177976867917957406e+02
6.124300005020586468e+02
2.138486227141277709e+02
2.432034477132290817e+02
5.685089180434781611e+02
9.164099232254379785e+02
1.128299951192399021e+03
1.209677332156786179e+03
1.896128264956009389e+03
9.093074625807184930e+02
3.525662300615151139e+02
3.609022085361392556e+02
8.991973863036198509e+02
1.276193401642537083e+03
8.716930953373416742e+02
2.688107945684777746e+02
1.960432384313611465e+02
1.671601809247033543e+02
1.497117562046969965e+02
2.158999120287608662e+02
3.227695093678837566e+02
7.126589965090165606e+02
5.519818308948633785e+02
5.225744438455503769e+02
2.123851091831973861e+02
2.273912809224342482e+02
1.787167173148362167e+02
1.441117861930847539e+02
6.549156637858019394e+02
9.517550473675291300e+01
1.733802713886623224e+02
1.625201528608911019e+02
2.370683276313272358e+02
1.621071602848315933e+02
1.343522870076279787e+02
3.475562243749619711e+02
3.570024407114710243e+02
2.228130753854957504e+02
2.526466069314921299e+02
4.323351427059180878e+02
3.632367616194682114e+02
5.610734479713239580e+02
3.010342984904086734e+02
2.561294464713890875e+02
3.518498362369247729e+02
4.205449020627988261e+02
4.539354146322208408e+02
6.241979170871273936e+02
9.149584037076260756e+02
1.059581752584184642e+03
1.042363947286329221e+03
7.761824523503611317e+02
9.881714193385597582e+02
1.079131668533579841e+03
6.667644795781556013e+02
6.330373797329650642e+02
5.543733682807371679e+02
7.617827658478581725e+02
6.966539016434776386e+02
3.780818264529112298e+02
6.527776162787191652e+02
6.455212557096309638e+02
6.715020494140242135e+02
5.483131766027535150e+02
8.076981637830584759e+02
6.526452706692483616e+02
4.951578699020485033e+02
2.965303086153634240e+02
3.508967446351060175e+02
4.855034169126246297e+02
3.928153728071566775e+02
2.536906329089982250e+02
5.795831043009928862e+02
3.884736680842502778e+02
3.397683948353272285e+02
1.693049969623494064e+02
2.943634573711777307e+02
1.251322763448968800e+02
1.290869189930447476e+02
3.997590166064875348e+02
5.915202395565221423e+02
5.352843729449899683e+02
4.013841115960042885e+02
2.899223084047513908e+02
2.017667662150204535e+02
2.560578380069187006e+02
5.498179014140265508e+02
3.813973070297026879e+02
8.312896720745549146e+02
4.954860139519743711e+02
3.591926334663261287e+02
3.878713606773407605e+02
4.984359044375173085e+02
3.351306011471973534e+02
5.478926698521541994e+02
8.055003410205159753e+02
6.872405767076648999e+02
6.177945015150801282e+02
3.421452008716306068e+02
5.846932324356224626e+02
4.247529411827720196e+02
3.104522729509844226e+02
1.678539627214471466e+02
3.920454450910451101e+02
9.686721982073028414e+01
1.277526895989179394e+02
1.611554895929292002e+02
1.595517003610345341e+02
1.539685772899479730e+02
3.547933172583548753e+02
5.551847722031766352e+02
7.022218450936178442e+02
5.977092215058968350e+02
8.966959114472421106e+02
8.460156200818191792e+02
6.252790053326466477e+02
5.503957229436271064e+02
3.637636185835552851e+02
2.903932290160047387e+02
3.920742657564902061e+02
3.081194667099787239e+02
7.979135904253420222e+02
6.094224130981078815e+02
1.586171743760353365e+03
1.338945735336304324e+03
9.442356074705782021e+02
4.342805803498804380e+02
7.223811285933827264e+01
1.191856170743177046e+02
7.526682703073527136e+02
1.090499403005268562e+02
3.018752060102786459e+02
2.139096152990319695e+02
1.234005405062822831e+02
1.681671160309352899e+02
1.295612594232688082e+02
5.678628648925018751e+02
8.422947133890232863e+02
1.319060799487690019e+03
5.830361271179241385e+02
2.441672460908417577e+02
1.158829045388836505e+02
2.378325921706922088e+02
4.481873968789538480e+02
8.243927354618617755e+02
1.074733318168701317e+03
6.477297855010488092e+02
2.604841961158156778e+02
3.777013328245660659e+02
1.393237949970283807e+03
2.007076601447294934e+03
1.745155964869986747e+03
1.225844651027460486e+03
4.272945657026855315e+02
1.375227337171978661e+02
6.957006728808286198e+02
6.070389484628204855e+02
9.033846480246307920e+02
1.217239993881215014e+03
1.132128356059804446e+03
3.427809189304542770e+02
5.404730342760304893e+02
1.032819623433712195e+03
1.095391348590630741e+03
6.727470203652809460e+02
9.684073161060213124e+02
1.009866761173210421e+03
1.068603460481094089e+03
7.094000263152064463e+02
4.266753018679483489e+02
1.033692480629916872e+02
1.191856170743177046e+02
1.191856170743177046e+02
7.386435123956606219e+01
7.697437959094092719e+01
1.165207079432489792e+02
1.261190788821661783e+02
2.210155738284932454e+02
2.020099508680851841e+02
2.524768952888587137e+02
1.029844895018423358e+03
9.324726969495204685e+02
3.319534457279900153e+02
4.619414276732787812e+02
1.065151657191486947e+03
1.813782950192507315e+03
6.626529470151293708e+02
5.732147969835369850e+02
9.139580596319177630e+02
1.764199854298083210e+03
8.758243561729914290e+02
8.994548960441061070e+01
9.050766613602148425e+01
1.122638868579980596e+02
7.071539749022332444e+02
8.248440022254371797e+02
1.258097217453564326e+03
1.787277687060872267e+03
1.311345378488461392e+03
1.587663306712840040e+03
1.251169556655917859e+03
5.370041248198366475e+02
9.373957548980454249e+02
5.780000227377751116e+02
3.862319434305650248e+02
1.792789037338569074e+02
3.812361940395347801e+02
4.092454508162526281e+02
3.744764661248352127e+02
4.248797577569592931e+02
4.083700139833033518e+02
3.747442224075282411e+02
6.370412720607160963e+02
6.104754603514136306e+02
7.029386462217889857e+02
4.187369234186838298e+02
3.287002055555518041e+02
4.265752798545992732e+02
3.721852827545342848e+02
3.671838666166380563e+02
3.000214131839257448e+02
7.085771727609517256e+01
9.165724788037880444e+01
1.250642246554595829e+02
1.518309639800012008e+02
2.007454405214834026e+02
5.142456882224314541e+02
7.078643485511909148e+02
5.042935055688651005e+02
3.033991919047175543e+02
2.916275106118330882e+02
1.841306825482360523e+02
1.560976446144672138e+02
1.275798018554461777e+02
4.750825048449285077e+02
5.147289764245089145e+02
5.766123894153919309e+02
6.307048311064070276e+02
2.592108463181926936e+02
2.601304185523691217e+02
1.814725953970103944e+02
1.816563577716391364e+02
1.431682640334097130e+02
1.784177038397633055e+02
1.517412255876523943e+02
1.891497082002433388e+02
2.465112658378455706e+02
1.758194869613140838e+02
1.027067963451177945e+02
1.491850722474423492e+02
6.793836053888669539e+02
1.031836608526899909e+03
1.515218995866379146e+03
1.258983857420974573e+03
8.521986240018596845e+02
9.138514239252148172e+02
1.376596357374557783e+03
1.589607657457406731e+03
1.722313670845316665e+03
1.359957988275630441e+03
1.404974739252675363e+03
1.718063018486086776e+03
1.295757713398766100e+03
6.170386114187128896e+02
6.521383921290837407e+02
8.271672646207705384e+02
8.518673417934287500e+02
1.164919974062279152e+03
1.567065281902284823e+03
1.543897661670707748e+03
6.593059989505319436e+02
2.033893471248683795e+02
2.234599694261802370e+02
2.119724031335202596e+02
8.114524584241740968e+02
8.151036812787538111e+02
1.288481563057209087e+03
1.381777055769250182e+03
1.756434626512559134e+03
1.359004021911976224e+03
3.783410449640999786e+02
5.106873297500712283e+02
5.824937697219405663e+02
1.935123775562121011e+02
2.936307754362217111e+02
9.917959186095566793e+02
6.765566820593919601e+02
5.465061707095848078e+02
6.913669661826028232e+02
8.198130400032189300e+02
1.141574971044769427e+03
6.538730534222301003e+02
5.102720272194498534e+02
5.800676007866883310e+02
4.849331002541490534e+02
5.209523291977935742e+02
6.277044248406576799e+02
6.574301632186494544e+02
6.488014282574031313e+02
7.379694988483447560e+02
7.056944352419442339e+02
5.595450040827025759e+02
9.849138753448469288e+02
9.277024806587664898e+02
8.855383263309304311e+02
8.552753792128600026e+02
8.610040783224970937e+02
1.049735083814209929e+03
7.186759264431534575e+02
1.011893642571719056e+03
1.218577265508988148e+03
1.260994478368378850e+03
8.811918090448228895e+02
6.105980006694911708e+02
7.264949863742840535e+02
5.817582528646494211e+02
5.027397751161371957e+02
3.448069222395836846e+02
3.413364328218008268e+02
5.960974620985441561e+02
5.296170043832674992e+02
3.883632882926617071e+02
5.865109323597165485e+02
6.841150410861465616e+02
4.063890281901403227e+02
2.496583116173423207e+02
2.983448749018721742e+02
5.215239971034949349e+02
8.116209345580277841e+02
5.067641370652989394e+02
1.856999529416063694e+02
2.255282678730788462e+02
5.333927639725480958e+02
4.362467544446330976e+02
4.520486715779131259e+02
1.841713410631110719e+02
1.617106409572895700e+02
9.271210210708542832e+01
1.954781482503039740e+02
5.159515238671277757e+02
1.072526116550467577e+03
1.647488524906858629e+03
1.141298738286735670e+03
1.153050709776816802e+03
1.071884118429748924e+03
1.721181183499075132e+03
2.083711761750736514e+03
1.923481737937471053e+03
1.366925666096452915e+03
1.166888944639818874e+03
1.723127576468650204e+03
1.745182825504162111e+03
8.714005108288631618e+02
7.936051703659643408e+02
5.084278522245886052e+02
1.772296251629131802e+02
1.829393209217896015e+02
2.586872825673124794e+02
1.854984853456635108e+02
2.137775720889047477e+02
1.994494768006445895e+02
3.548875079931633536e+02
1.204133050402487015e+02
1.372046857782808331e+02
3.449420873420924067e+02
2.970161280884363464e+02
3.775343878167387857e+02
1.359450185944313716e+03
2.078910356142238015e+03
2.017907246561810553e+03
2.130521241818261842e+03
1.921880261265127956e+03
1.965864056208814645e+03
1.850264643654917336e+03
1.854789379130823136e+03
8.625648812436801336e+02
4.157081480556167890e+02
3.743562459962042794e+02
2.648766519588958772e+02
9.220751498128690855e+02
1.545831967526912422e+03
1.781991696816813828e+03
1.814660694428013585e+03
1.745536617417268189e+03
1.493837466347688633e+03
1.971894359208351943e+03
1.549977379168288962e+03
1.517176021378975975e+03
1.593368070135856897e+03
1.762366720965338118e+03
1.826262695366685193e+03
1.389268313197033876e+03
1.246173823942593344e+03
1.738780697586028055e+03
9.199035855457476600e+02
1.413293676772977278e+03
8.414486506289306362e+02
1.384024397579986498e+03
1.959157838689382629e+02
3.834289909239319627e+02
9.026886464351968016e+02
1.350131019748470635e+03
1.662939479516344591e+03
1.145256101747842649e+03
1.129238714848922427e+03
1.290680470709151905e+03
8.863291126259074417e+02
4.066147932996834129e+02
9.007680796982218681e+02
5.585002566375368360e+02
6.402048584480724003e+02
8.223897700822043362e+02
1.493227223592651171e+03
1.625366871599547721e+03
2.113768126409316210e+03
1.940099877721200755e+03
1.797137968342673503e+03
1.714926745546634493e+03
7.752299503087575658e+02
2.595440749750434861e+02
2.445928780349400711e+02
2.103569159623087899e+02
2.550196102725267622e+02
2.809506496536761233e+02
3.947186764117215034e+02
1.922617462580522556e+02
2.853179929513192405e+02
1.657583831394114213e+02
2.357749753620426247e+02
3.489076454157971625e+02
3.912974983857208713e+02
4.885142384712393664e+02
5.559374885804054429e+02
1.865028137098944967e+02
2.786434094070318679e+02
1.591269113525056298e+02
2.161788915428382438e+02
1.561224791472239701e+02
3.890328390407876782e+02
2.074487868061402764e+02
5.763488775022156005e+02
6.960045872587054419e+02
7.406001755542783940e+02
2.347098441244892797e+02
3.403130680391018927e+02
2.772038199950019361e+02
1.153268451957174108e+02
6.015533332058715388e+01
1.388553316864851297e+02
2.230896319497065292e+02
9.214032346395274544e+02
1.705629433202959433e+02
2.928613944578888209e+02
2.102428211673854150e+02
3.179191900139778681e+02
5.466071804408180697e+02
6.737023495923790506e+02
6.243693487905109123e+02
6.300660652287804169e+02
9.916796261879572967e+02
1.443189741763707843e+03
1.474901518703666170e+03
1.448095313784575410e+03
1.249044951290337394e+03
1.481189413275666766e+03
1.507768690757588047e+03
1.079339277398642707e+03
6.072816314380041831e+02
1.159613132112381891e+03
4.739598579380831893e+02
3.506289938578252645e+02
1.800976167402014028e+02
3.862229217288894461e+02
1.561872772028413920e+03
1.910393369388320934e+03
1.942497018943048033e+03
2.198616761424008928e+03
2.098716912334343306e+03
1.448173289591825323e+03
1.458129830073041603e+03
7.096854935925074415e+02
1.158049712532018475e+03
1.333294621148405440e+03
8.349180054146723933e+02
3.062291512928206316e+02
2.220440075659550416e+02
1.848841424301151335e+02
1.592203631436834428e+02
2.803506971143506235e+02
6.521470752734621783e+02
7.044537284731578666e+02
4.775916570413024829e+02
1.240128220560085765e+03
1.557889295981062105e+03
1.683722809097048639e+03
1.163173632562386956e+03
1.443382303836837991e+03
1.755387519431840474e+03
7.563954385077654479e+02
2.023736133020109662e+02
1.929908112879922442e+02
4.349318796425903884e+02
2.560165218967111400e+02
1.136805742327063911e+02
2.980597481991655400e+02
8.559002587977241774e+02
1.079569101138691394e+03
1.875784146429767361e+03
1.746577123285730067e+03
1.397398486622847713e+03
1.364662657264825839e+03
2.105803056408321936e+02
3.531981706691577756e+02
3.163704726479037390e+02
4.918836206213767355e+02
7.662378764904719901e+02
1.580614800962129493e+03
1.470407751576959754e+03
1.414910359570350238e+03
9.335446135005721544e+02
8.695427951706692511e+02
6.473646632449945173e+02
5.994884007927946641e+02
3.858736763243918517e+02
1.902902434456770777e+02
5.291684530379299076e+02
4.690353908410791064e+02
1.112405510871110664e+03
5.906809968292828898e+02
1.341144277688869806e+03
7.825329416224352599e+02
4.228962230764869901e+02
3.171171731941238363e+02
2.379833466238328867e+02
6.335132209423376253e+02
8.688052515681282557e+02
1.313670089593615558e+03
1.258933916824443713e+03
8.696201037259593249e+02
5.884737712822184221e+02
3.745112399741097988e+02
4.224290349374772404e+02
8.389700355837427423e+02
7.356052949057717569e+02
5.833945583086962188e+02
7.405474440686951993e+02
5.346905374978372265e+02
8.928837108945396039e+02
8.257110936673202559e+02
3.340248360933676963e+02
2.781322940194006605e+02
2.437537482249897778e+02
6.881442573158649623e+01
7.016531946332055725e+01
